52422
52423
52424
52425
53949
54016
53950
54017
13
14
15
16
17
18
19
20
21
22
23
24
25
26
27
28
43832
71811
75248
50993
50994
51603
51604
51624
50995
50996
51592
51593
51605
51642
51643
51644
51645
51843
51795
51962
52004
51844
51796
51881
50993
50994
51603
51604
51624
50995
50996
51592
51593
51605
51642
51643
51644
51645
51843
51795
51962
52004
51844
51796
51881
51882
51999
52738
52739
53798
52741
52742
53811
53870
53812
53869
53595
53596
53597
53599
53598
53909
54010
53910
54009
54408
54407
55212
55213
55215
54410
54409
55169
55167
55207
54412
54411
55173
55206
55214
54413
54414
55078
55079
55168
55352
55353
55354
55355
55434
55441
55475
55687
55435
55442
55446
55447
55499
55686
67029
67030
68905
68903
68993
67032
67031
68907
68906
69100
67033
68806
68909
69203
69202
69204
69277
69278
69448
67086
50993
50994
51603
51604
51624
50995
50996
51592
51593
51605
51642
51643
51644
51645
51843
51795
51962
52004
51844
51796
51881
51882
51999
52738
52739
53798
52741
52742
53811
53870
53812
53869
53595
53596
53597
53599
53598
53909
54010
53910
54009
54408
54407
55212
55213
55215
54410
54409
55169
55167
55207
54412
54411
55173
55206
55214
54413
54414
55078
55079
55168
55352
55353
55354
55355
55434
55441
55475
55687
55435
55442
55446
55447
55499
55686
67034
67035
69097
69096
69281
67036
67037
69223
69224
69330
67038
69233
69234
69643
69642
69641
69776
69777
70124
67029
67030
68905
68903
68993
67032
67031
68907
68906
69100
67033
68806
68909
69203
69202
69204
69277
69278
69448
67086
67087
68702
68701
69331
67088
67089
68850
68847
69031
67090
68962
68963
69645
69646
69647
69800
69801

70492
70493
70492
70493
70494
70495
71438
71353
71354
71355
71571
71570
71636
71637
71862
71975
71863
71926
44234
44233
44235
44236
44237
44238
44239
44240
44241
44242
45339
45341
45342
45343
45344
45345
45346
45347
45348
45349
45340
45351
45352
45353
45485
45486
45487
45488
45489
46565
46566
46568
47951
47952
47953
47954
47955
47956
47957
47958
47959
47960
47962
47963
47961
49630
49631
49632
49633
50236
50542
49969
50092
50473
50533
44180
44181
44182
44183
44184
44390
44391
45354
44393
44394
45355
45356
45357
45358
45359
45781
45782
45783
45784
45785
45786
45787
45788
45789
45790
45791
45792
46556
46557
46558
46559
46560
46934
46935
46936
46937
46938
46939
46940
46941
46942
46943
46944
46945
46946
49626
49627
49628
49629
50235
50534
49998
49999
50474
44180
44181
44182
52003
50535
80569
80568
80581
80582
80729
80570
80571
80576
80577
80730
80572
80573
80609
80610
80731
80575
80574
80621
80622
80732
80867
80759
80760
80761
80962
80897
80963
81238
80898
80899
80964
80965
81158
81239
76615
76616
76617
76618
76717
76716
76718
76719
76735
76820
76945
76946
76947
76948
77033
77016
77143
77516
77034
77017
77083
77084
77250
77517
78116
78118
78123
78125
78127
78128
78129
78130
78131
78132
78133
78134
78135
78161
78162
78163
78164
78165
78166
78167
78168
78169
78170
78171
78172
80019
80020
80021
80022
80163
80195
80162
80196
78196
78198
78201
78271
78637
78640
79394
79395
79399
79401
78195
78197
78199
78200
78636
78635
78638
78639
79391
79392
79393
79396
79397
79398
79400
79880
79881
79882
79883
80079
80190
80080
80116
78136
78137
78138
78139
78140
78141
78142
78143
78144
78145
78146
78147
78148
78149
78150
78151
78152
78153
78154
78155
78156
78157
78158
78159
78160
79732
79733
79734
79735
79913
79983
79914
79982
85246
85247
85248
85249
85527
85528
85529
85530
85546
85547
85609
85610
85878
85909
85879
85908
85893
86534
86536
86542
86569
86570
86571
86572
86573
86574
86576
86577
86578
86579
86580
86581
86537
86583
86543
86584
86585
86586
86587
86588
86589
86590
86591
86592
86593
86594
86595
89504
89505
89506
89507
89925
90104
89508
89509
89923
89924
89944
90103
83349
83350
83351
83352
83353
83354
83355
83356
83788
83824
84755
84966
83664
83665
83724
83725
84039
84800
84769
84756
84802
84926
86558
86559
86560
86561
86562
86563
86564
86550
86554
86555
86565
86557
86566
86567
86568
86551
86552
86553
86556
87094
87095
87096
87097
87933
87099
87100
87101
87102
87103
87104
88969
88971
88970
88972
89302
89503
88973
88974
89292
89293
89381
89510
86544
86546
86548
87214
87213
87215
87219
87220
87221
87222
87223
87224
87225
87226
87227
86545
86547
86549
87217
87216
87218
87228
87229
87230
87231
87232
87233
87234
87235
87236
89294
89295
89296
89297
89366
89922
89298
89299
89367
89368
89737
89921
83365
83366
83367
83368
83369
84044
83371
83372
83995
83996
84743
84953
83889
83997
83998
83895
84466
84467
84744
84745
84801
84954
83357
83358
83359
83360
83361
83362
83363
83364
83722
83723
84696
84956
83666
83667
83668
83669
84037
84038
84697
84698
84746
84955
